dsgd : 0.37731333159282826
time : 18.023385083675386


gd   : 0.39719999629402902
time : 2.652992848555247
sgd  : 0.38922989004413255
time : 3.1385726809501646

*******************************

gd   : 0.39719999629402902
time : 2.5657081484794615
sgd  : 0.38934337674357444
time : 3.0689859986305237
dsgd2x2 : 0.37916395514473761
time : 18.512441567579906
dsgd3x3 : 0.33778346808987114
time : 16.048335599899293
